4.0729417800,48.2817878723,146.0000000000,10,8,53,17,80
4.0729498863,48.2817916870,145.5000000000,10,8,53,22,80
4.0729780197,48.2818031311,142.6999969482,10,8,53,27,80
4.0730071067,48.2818145751,140.3000030517,10,8,53,32,80
4.0730252265,48.2818222045,138.6999969482,10,8,53,37,80
4.0730280876,48.2818336486,138.0000000000,10,8,53,42,80
4.0730271339,48.2818336486,137.6000061035,10,8,53,48,80
4.0730381011,48.2818412780,137.0000000000,10,8,53,53,80
4.0730471611,48.2818450927,136.6000061035,10,8,53,58,80
4.0730519294,48.2818489074,136.5000000000,10,8,54,3,80
4.0730500221,48.2818489074,136.6999969482,10,8,54,8,80
4.0730500221,48.2818527221,136.6999969482,10,8,54,13,80
4.0730519294,48.2818527221,136.8999938964,10,8,54,18,80
4.0730500221,48.2818527221,137.1999969482,10,8,54,23,80
4.0730481147,48.2818527221,137.5000000000,10,8,54,29,80
4.0730419158,48.2818527221,137.8000030517,10,8,54,34,80
4.0730280876,48.2818489074,138.3000030517,10,8,54,39,80
4.0730152130,48.2818450927,138.8000030517,10,8,54,44,80
4.0730028152,48.2818412780,139.1999969482,10,8,54,49,80
4.0729970932,48.2818374633,139.5000000000,10,8,54,54,80
4.0729951858,48.2818374633,139.6000061035,10,8,54,59,80
4.0729999542,48.2818412780,139.6000061035,10,8,55,4,80
4.0729999542,48.2818412780,139.6999969482,10,8,55,9,80
4.0729880332,48.2818336486,140.3999938964,10,8,55,14,80
4.0729799270,48.2818298339,141.0000000000,10,8,55,19,80
4.0729780197,48.2818298339,141.1999969482,10,8,55,24,80
4.0729970932,48.2818412780,140.6999969482,10,8,55,30,80
4.0729999542,48.2818412780,140.6000061035,10,8,55,35,80
4.0729951858,48.2818412780,141.1999969482,10,8,55,40,80
4.0729780197,48.2818336486,142.3999938964,10,8,55,45,80
4.0729680061,48.2818298339,143.3000030517,9,8,55,50,90
4.0729651451,48.2818298339,143.5000000000,10,8,55,55,80
4.0729579925,48.2818298339,143.8000030517,10,8,56,0,80
4.0729598999,48.2818298339,143.8000030517,9,8,56,5,90
4.0729718208,48.2818336486,142.8999938964,9,8,56,10,90
4.0729818344,48.2818374633,142.3000030517,8,8,56,15,100
4.0729880332,48.2818412780,141.6999969482,10,8,56,20,80
4.0729951858,48.2818450927,140.8999938964,11,8,56,25,80
4.0730051994,48.2818489074,140.3999938964,10,8,56,31,80
4.0730118751,48.2818489074,139.6999969482,10,8,56,36,80
4.0730199813,48.2818450927,138.6000061035,9,8,56,41,90
4.0730271339,48.2818412780,137.8999938964,9,8,56,46,90
4.0730328559,48.2818412780,137.0000000000,11,8,56,51,80
4.0730400085,48.2818374633,136.0000000000,10,8,56,56,80
4.0730528831,48.2818336486,134.3000030517,10,8,57,1,80
4.0730581283,48.2818336486,133.6999969482,10,8,57,6,80
4.0730428695,48.2818336486,134.1999969482,9,8,57,11,110
4.0730252265,48.2818336486,135.1000061035,9,8,57,16,110
4.0730080604,48.2818374633,135.8999938964,9,8,57,21,110
4.0730128288,48.2818450927,136.0000000000,9,8,57,26,110
4.0730252265,48.2818527221,135.8999938964,9,8,57,31,110
4.0730428695,48.2818679809,135.8000030517,10,8,57,36,80
4.0730400085,48.2818679809,136.1999969482,10,8,57,42,80
4.0730447769,48.2818717956,136.3999938964,10,8,57,47,80
4.0730571746,48.2818717956,135.5000000000,10,8,57,52,80
4.0730648040,48.2818641662,134.8999938964,9,8,57,57,90
4.0730648040,48.2818679809,135.3999938964,10,8,58,2,80
4.0730671882,48.2818794250,136.6000061035,10,8,58,7,80
4.0730719566,48.2818717956,135.8999938964,10,8,58,12,80
4.0730748176,48.2818717956,135.6999969482,10,8,58,17,80
4.0730681419,48.2818756103,136.6000061035,10,8,58,22,80
4.0730671882,48.2818717956,136.5000000000,10,8,58,27,80
4.0730619430,48.2818679809,136.3000030517,10,8,58,32,80
4.0730671882,48.2818565368,135.6000061035,10,8,58,37,80
4.0730781555,48.2818412780,133.5000000000,10,8,58,43,80
4.0730748176,48.2818450927,134.1999969482,9,8,58,48,110
4.0730729103,48.2818489074,134.8999938964,9,8,58,53,110
4.0730671882,48.2818527221,135.6000061035,10,8,58,58,80
4.0730619430,48.2818565368,136.5000000000,10,8,59,3,80
4.0730547904,48.2818641662,137.1999969482,10,8,59,8,80
4.0730481147,48.2818679809,138.1000061035,10,8,59,13,80
4.0730419158,48.2818756103,139.5000000000,10,8,59,18,80
4.0730328559,48.2818908691,141.5000000000,10,8,59,24,80
4.0730319023,48.2818946838,141.8999938964,10,8,59,29,80
4.0730319023,48.2818946838,142.1999969482,10,8,59,34,80
4.0730328559,48.2818870544,141.6000061035,10,8,59,39,80
4.0730328559,48.2818832397,141.1999969482,10,8,59,44,80
4.0730328559,48.2818870544,141.6000061035,10,8,59,49,80
4.0730319023,48.2818908691,142.3000030517,10,8,59,54,80
4.0730299949,48.2818946838,142.8000030517,10,8,59,59,80
4.0730299949,48.2818984985,143.1999969482,10,9,0,4,80
4.0730381011,48.2819137573,142.8999938964,9,9,0,9,110
4.0730428695,48.2819175720,142.5000000000,10,9,0,14,80
4.0730428695,48.2819175720,142.0000000000,9,9,0,19,110
4.0730419158,48.2819213867,141.6999969482,10,9,0,25,80
4.0730419158,48.2819213867,141.1999969482,10,9,0,30,80
4.0730400085,48.2819175720,140.8000030517,10,9,0,35,80
4.0730400085,48.2819061279,139.8999938964,9,9,0,40,110
4.0730371475,48.2819137573,140.0000000000,10,9,0,45,80
4.0730347633,48.2819137573,139.8999938964,10,9,0,50,80
4.0730328559,48.2819137573,139.8999938964,10,9,0,55,80
4.0730299949,48.2819137573,140.1999969482,10,9,1,0,80
4.0730252265,48.2819213867,140.6999969482,10,9,1,5,80
4.0730218887,48.2819213867,141.0000000000,10,9,1,10,80
4.0730199813,48.2819213867,141.1000061035,10,9,1,15,80
4.0730252265,48.2819061279,139.8999938964,10,9,1,20,80
4.0730299949,48.2818946838,138.6999969482,10,9,1,26,80
4.0730319023,48.2818908691,138.1999969482,10,9,1,31,80
4.0730319023,48.2818870544,137.8999938964,10,9,1,36,80
4.0730299949,48.2818870544,137.8000030517,10,9,1,41,80
4.0730280876,48.2818832397,137.6999969482,10,9,1,46,80
4.0730271339,48.2818832397,137.6999969482,10,9,1,51,80
4.0730252265,48.2818794250,137.8000030517,10,9,1,56,80
4.0730252265,48.2818794250,137.5000000000,10,9,2,1,80
4.0730228424,48.2818794250,137.6000061035,10,9,2,6,80
4.0730218887,48.2818794250,137.8999938964,10,9,2,11,80
4.0730199813,48.2818794250,138.1000061035,10,9,2,16,80
4.0730199813,48.2818794250,138.3000030517,10,9,2,21,80
4.0730180740,48.2818794250,138.3999938964,10,9,2,26,80
4.0730171203,48.2818756103,138.6000061035,10,9,2,32,80
4.0730180740,48.2818756103,138.6999969482,10,9,2,37,80
4.0730228424,48.2818794250,138.8999938964,10,9,2,42,80
4.0730228424,48.2818794250,139.0000000000,10,9,2,47,80
4.0730228424,48.2818794250,139.1000061035,10,9,2,52,80
4.0730271339,48.2818832397,139.1000061035,10,9,2,57,80
4.0730271339,48.2818794250,139.1000061035,10,9,3,2,80
4.0730199813,48.2818756103,138.8999938964,10,9,3,7,80
4.0730051994,48.2818641662,138.3000030517,10,9,3,12,80
4.0729980468,48.2818527221,137.5000000000,10,9,3,17,80
4.0729980468,48.2818489074,137.1000061035,10,9,3,22,80
4.0729918479,48.2818489074,137.0000000000,10,9,3,27,80
4.0729999542,48.2818527221,137.0000000000,10,9,3,32,80
4.0730071067,48.2818565368,137.0000000000,10,9,3,37,80
4.0730118751,48.2818641662,137.1000061035,10,9,3,43,80
4.0730199813,48.2818679809,137.1000061035,10,9,3,48,80
4.0730299949,48.2818717956,137.0000000000,10,9,3,53,80
4.0730299949,48.2818756103,137.1000061035,10,9,3,58,80
4.0730319023,48.2818794250,137.1000061035,10,9,4,3,80
4.0730347633,48.2818794250,137.1000061035,10,9,4,8,80
4.0730347633,48.2818794250,137.1999969482,10,9,4,13,80
4.0730419158,48.2818832397,137.1000061035,10,9,4,18,80
4.0730280876,48.2818794250,137.3000030517,10,9,4,24,80
4.0730128288,48.2818717956,137.5000000000,10,9,4,29,80
4.0730018615,48.2818679809,137.6999969482,10,9,4,34,80
4.0729928016,48.2818641662,137.8999938964,10,9,4,39,80
4.0729880332,48.2818603515,138.1000061035,10,9,4,44,80
4.0729951858,48.2818641662,138.1000061035,10,9,4,49,80
4.0730051994,48.2818717956,138.1999969482,10,9,4,54,80
4.0730051994,48.2818717956,138.3000030517,10,9,4,59,80
4.0730128288,48.2818717956,138.3999938964,10,9,5,4,80
4.0730180740,48.2818756103,138.3999938964,10,9,5,9,80
4.0730280876,48.2818794250,138.3999938964,10,9,5,14,80
4.0730328559,48.2818832397,138.3999938964,10,9,5,19,80
4.0730428695,48.2818908691,138.3000030517,10,9,5,24,80
4.0730481147,48.2818946838,138.3000030517,10,9,5,30,80
4.0730447769,48.2818908691,138.3999938964,9,9,5,35,90
4.0730428695,48.2818908691,138.5000000000,9,9,5,40,90
4.0730400085,48.2818908691,138.6000061035,10,9,5,45,80
4.0730328559,48.2818870544,138.8999938964,10,9,5,50,80
4.0730228424,48.2818870544,139.1999969482,10,9,5,55,80
4.0730199813,48.2818870544,139.6000061035,10,9,6,0,80
4.0730218887,48.2818870544,139.8999938964,10,9,6,5,80
4.0730228424,48.2818870544,140.1999969482,10,9,6,10,80
4.0730252265,48.2818908691,140.5000000000,10,9,6,15,80
4.0730252265,48.2818870544,141.0000000000,10,9,6,20,80
4.0730180740,48.2818870544,142.1000061035,9,9,6,26,90
4.0730152130,48.2818832397,142.8000030517,9,9,6,31,90
4.0730118751,48.2818832397,143.5000000000,10,9,6,36,80
4.0730118751,48.2818794250,144.3000030517,10,9,6,41,80
4.0730199813,48.2818870544,144.3000030517,10,9,6,46,80
4.0730180740,48.2818870544,144.6999969482,10,9,6,51,80
4.0730118751,48.2818908691,146.1000061035,10,9,6,56,80
4.0730180740,48.2819023132,146.8000030517,10,9,7,1,80
4.0730199813,48.2818984985,147.0000000000,10,9,7,6,80
4.0730252265,48.2818946838,146.8999938964,10,9,7,11,80
4.0730319023,48.2818946838,146.6000061035,10,9,7,16,80
4.0730447769,48.2818984985,146.1999969482,10,9,7,21,80
4.0730428695,48.2818946838,146.0000000000,10,9,7,26,80
4.0730419158,48.2818870544,145.8999938964,10,9,7,31,80
4.0730400085,48.2818870544,145.8000030517,10,9,7,36,80
4.0730371475,48.2818832397,145.6000061035,10,9,7,42,80
4.0730347633,48.2818832397,145.3999938964,10,9,7,47,80
4.0730347633,48.2818832397,145.5000000000,10,9,7,52,80
4.0730328559,48.2818794250,145.5000000000,10,9,7,57,80
4.0730328559,48.2818794250,145.6999969482,10,9,8,2,80
4.0730299949,48.2818794250,145.6000061035,10,9,8,7,80
4.0730280876,48.2818794250,145.5000000000,10,9,8,12,80
4.0730252265,48.2818794250,145.3999938964,10,9,8,17,80
4.0730218887,48.2818794250,145.3000030517,10,9,8,22,80
4.0730218887,48.2818794250,145.3999938964,10,9,8,27,80
4.0730199813,48.2818794250,145.3999938964,10,9,8,32,80
4.0730180740,48.2818756103,145.3000030517,10,9,8,37,80
4.0730180740,48.2818756103,145.3000030517,10,9,8,42,80
4.0730171203,48.2818756103,145.1000061035,10,9,8,47,80
4.0730180740,48.2818756103,145.1000061035,10,9,8,52,80
4.0730199813,48.2818756103,145.1999969482,10,9,8,58,80
4.0730199813,48.2818756103,145.1999969482,10,9,9,3,80
4.0730218887,48.2818717956,144.8999938964,10,9,9,8,80
4.0730271339,48.2818756103,145.0000000000,10,9,9,13,80
4.0730299949,48.2818794250,144.6999969482,10,9,9,18,80
4.0730347633,48.2818794250,144.6000061035,10,9,9,23,80
4.0730419158,48.2818832397,144.6000061035,10,9,9,28,80
4.0730471611,48.2818832397,144.1999969482,10,9,9,34,80
4.0730500221,48.2818832397,143.6999969482,10,9,9,39,80
4.0730519294,48.2818832397,143.5000000000,10,9,9,44,80
4.0730519294,48.2818794250,143.3999938964,9,9,9,49,90
4.0730571746,48.2818832397,143.3999938964,9,9,9,54,90
4.0730700492,48.2818870544,143.8999938964,9,9,9,59,90
4.0730772018,48.2818908691,144.1999969482,9,9,10,4,90
4.0730819702,48.2818946838,144.6000061035,10,9,10,9,80
4.0730872154,48.2818946838,144.8000030517,10,9,10,14,80
4.0730881690,48.2818946838,145.0000000000,10,9,10,19,80
4.0730919837,48.2818984985,145.3000030517,10,9,10,24,80
4.0730919837,48.2818984985,145.3000030517,10,9,10,29,80
4.0730919837,48.2818984985,145.3999938964,10,9,10,35,80
4.0730929374,48.2818984985,145.6999969482,10,9,10,40,80
4.0730948448,48.2818946838,145.6999969482,10,9,10,45,80
4.0730929374,48.2818946838,145.6999969482,10,9,10,50,80
4.0730800628,48.2818870544,145.3000030517,10,9,10,55,80
4.0730619430,48.2818794250,144.5000000000,10,9,11,0,80
4.0730519294,48.2818717956,144.1999969482,10,9,11,5,80
4.0730428695,48.2818679809,143.8000030517,10,9,11,10,80
4.0730328559,48.2818641662,143.3000030517,10,9,11,15,80
4.0730271339,48.2818641662,143.0000000000,10,9,11,20,80
4.0730218887,48.2818565368,142.6000061035,10,9,11,25,80
4.0730199813,48.2818565368,142.5000000000,10,9,11,30,80
4.0730180740,48.2818565368,142.6000061035,10,9,11,35,80
4.0730199813,48.2818565368,142.6999969482,10,9,11,41,80
4.0730199813,48.2818527221,142.5000000000,10,9,11,46,80
4.0730228424,48.2818489074,142.3000030517,10,9,11,51,80
4.0730252265,48.2818412780,141.3000030517,10,9,11,56,80
4.0730271339,48.2818336486,139.8999938964,10,9,12,1,80
4.0730252265,48.2818298339,139.3000030517,10,9,12,6,80
4.0730252265,48.2818222045,139.1999969482,10,9,12,11,80
4.0730228424,48.2818222045,139.3999938964,10,9,12,16,80
4.0730252265,48.2818145751,138.5000000000,10,9,12,21,80
4.0730252265,48.2818145751,138.3999938964,10,9,12,26,80
4.0730271339,48.2818107604,137.8000030517,10,9,12,31,80
4.0730299949,48.2818069458,137.1000061035,10,9,12,36,80
4.0730299949,48.2818069458,137.3000030517,10,9,12,42,80
4.0730299949,48.2818107604,137.8999938964,10,9,12,47,80
4.0730328559,48.2818069458,137.3999938964,10,9,12,52,80