4.0662131309,48.2700004577,120.5000000000,6,11,39,3,190
4.0661520957,48.2700119018,119.6999969482,6,11,39,8,190
4.0660781860,48.2700386047,120.0999984741,6,11,39,13,190
4.0660080909,48.2700729370,120.3000030517,6,11,39,18,190
4.0659427642,48.2701072692,120.4000015258,6,11,39,23,190
4.0658750534,48.2701301574,120.0999984741,6,11,39,28,190
4.0658068656,48.2701683044,120.0999984741,6,11,39,33,190
4.0657300949,48.2701911926,120.3000030517,6,11,39,38,190
4.0656628608,48.2702293395,119.8000030517,6,11,39,43,190
4.0655999183,48.2702713012,119.9000015258,6,11,39,48,190
4.0655331611,48.2703056335,118.5999984741,6,11,39,53,190
4.0654668807,48.2703361511,117.5999984741,6,11,39,58,190
4.0653848648,48.2703666687,116.6999969482,6,11,40,4,190
4.0653147697,48.2703933715,116.3000030517,6,11,40,9,190
4.0652499198,48.2704277038,116.1999969482,6,11,40,14,190
4.0651950836,48.2704772949,116.4000015258,6,11,40,19,190
4.0651421546,48.2705192565,117.0999984741,6,11,40,24,190
4.0651369094,48.2705726623,117.8000030517,6,11,40,29,190
4.0651850700,48.2706146240,118.3000030517,6,11,40,34,190
4.0652480125,48.2706718444,118.6999969482,6,11,40,40,190
4.0652999877,48.2707176208,118.8000030517,6,11,40,45,190
4.0653529167,48.2707595825,119.0000000000,6,11,40,50,190
4.0654001235,48.2708091735,119.1999969482,6,11,40,55,190
4.0654530525,48.2708511352,119.3000030517,6,11,41,0,190
4.0655097961,48.2708892822,119.5000000000,6,11,41,5,190
4.0655617713,48.2709236145,119.6999969482,6,11,41,10,190
4.0656027793,48.2709541320,121.5999984741,6,11,41,15,190
4.0656599998,48.2709846496,122.3000030517,6,11,41,20,190
4.0657272338,48.2709541320,123.5000000000,6,11,41,25,190
4.0657801628,48.2709274291,124.8000030517,6,11,41,30,190
4.0658369064,48.2709007263,124.6999969482,6,11,41,35,190
4.0659117698,48.2708702087,126.0000000000,6,11,41,41,190
4.0659699440,48.2708435058,125.0999984741,6,11,41,46,190
4.0660347938,48.2708015441,125.6999969482,6,11,41,51,190
4.0660929679,48.2707595825,126.9000015258,6,11,41,56,190
4.0661520957,48.2707290649,129.8999938964,6,11,42,1,190
4.0662169456,48.2706871032,131.1999969482,6,11,42,6,190
4.0662617683,48.2706565856,132.1999969482,6,11,42,11,190
4.0663280487,48.2706222534,132.1000061035,6,11,42,16,190
4.0663971900,48.2705879211,131.3999938964,6,11,42,21,190
4.0663948059,48.2705535888,129.5000000000,6,11,42,26,190
4.0663528442,48.2705116271,127.9000015258,6,11,42,31,190
4.0663027763,48.2704582214,126.5999984741,6,11,42,37,190
4.0662598609,48.2704124450,125.8000030517,6,11,42,42,190
4.0662150382,48.2703628540,125.0000000000,6,11,42,47,190
4.0661678314,48.2703208923,124.4000015258,6,11,42,52,190
4.0661149024,48.2702713012,123.8000030517,6,11,42,57,190
4.0660700798,48.2702293395,123.4000015258,6,11,43,2,190
4.0660181045,48.2701835632,122.9000015258,6,11,43,7,190
4.0659680366,48.2701416015,122.5999984741,6,11,43,12,190