4.0666728019,48.2699432373,122.8000030517,7,11,48,12,170
4.0666651725,48.2699432373,120.9000015258,7,11,48,17,170
4.0666618347,48.2699432373,120.0000000000,7,11,48,22,170
4.0666580200,48.2699317932,120.0000000000,7,11,48,27,170
4.0666599273,48.2699317932,119.6999969482,7,11,48,32,170
4.0666570663,48.2699279785,120.0999984741,7,11,48,38,170
4.0666570663,48.2699279785,120.4000015258,7,11,48,43,170
4.0666518211,48.2699165344,121.5999984741,7,11,48,48,170
4.0666499137,48.2699089050,122.3000030517,7,11,48,53,170
4.0666570663,48.2699165344,121.3000030517,8,11,48,58,130
4.0666518211,48.2699050903,122.5999984741,8,11,49,3,130
4.0666570663,48.2698974609,122.6999969482,8,11,49,8,130
4.0666580200,48.2699050903,122.9000015258,8,11,49,13,130
4.0666599273,48.2699089050,123.0000000000,8,11,49,18,130
4.0666618347,48.2699089050,122.9000015258,7,11,49,23,180
4.0666618347,48.2699127197,122.8000030517,7,11,49,28,180
4.0666618347,48.2699127197,122.6999969482,8,11,49,33,130
4.0666627883,48.2699127197,122.6999969482,8,11,49,39,130
4.0666651725,48.2699203491,123.0000000000,8,11,49,44,130
4.0666651725,48.2699203491,122.9000015258,7,11,49,49,180
4.0666670799,48.2699241638,123.1999969482,8,11,49,54,130
4.0666670799,48.2699279785,123.3000030517,8,11,49,59,130
4.0666670799,48.2699279785,123.1999969482,8,11,50,4,130
4.0666670799,48.2699279785,123.0999984741,8,11,50,9,130
4.0666670799,48.2699279785,123.0999984741,8,11,50,14,130
4.0666651725,48.2699279785,122.5999984741,8,11,50,19,130
4.0666651725,48.2699279785,122.5999984741,7,11,50,24,170
4.0666651725,48.2699279785,122.5999984741,8,11,50,29,130
4.0666651725,48.2699279785,122.4000015258,8,11,50,35,130
4.0666651725,48.2699279785,122.3000030517,8,11,50,40,130
4.0666651725,48.2699279785,122.3000030517,8,11,50,45,130
4.0666627883,48.2699279785,122.3000030517,8,11,50,50,130
4.0666627883,48.2699317932,122.1999969482,8,11,50,55,130
4.0666651725,48.2699356079,122.5000000000,8,11,51,0,130
4.0666651725,48.2699356079,122.8000030517,8,11,51,5,130
4.0666670799,48.2699470520,123.3000030517,8,11,51,10,130
4.0666651725,48.2699432373,123.0000000000,8,11,51,15,130
4.0666651725,48.2699432373,123.0999984741,8,11,51,20,130
4.0666627883,48.2699432373,123.0999984741,8,11,51,25,130
4.0666618347,48.2699394226,122.8000030517,8,11,51,30,130
4.0666599273,48.2699356079,122.5999984741,8,11,51,35,130
4.0666599273,48.2699394226,122.6999969482,8,11,51,41,130
4.0666618347,48.2699432373,123.0000000000,7,11,51,46,170
4.0666627883,48.2699470520,123.4000015258,8,11,51,51,130
4.0666627883,48.2699470520,123.5999984741,8,11,51,56,130